101;104;60;20;2010-12-12;
101;107;120;10;2019-12-12;
102;105;300;50;2018-09-12;
102;103;240;30;2012-09-12;
102;104;255;20;2019-12-09;
103;109;310;15;2020-09-09;
103;106;310;15;2019-09-08;
103;108;250;60;2022-09-12;
104;105;100;45;2011-11-11;
104;106;40;20;2021-12-12;
104;107;40;20;2012-12-08;
104;108;40;20;2009-09-09;
104;110;40;20;2015-12-12;
105;106;60;10;2008-09-15;
106;109;20;5;2017-12-12;
106;110;55;3;2019-09-12;
107;109;60;70;2021-11-13;
107;108;60;70;2012-09-09;
108;110;120;50;2011-04-30;